# $problem $search_time $total_time $eval_node $gen_node $memory $plan_length
p10 0 0 129 0 3800 43
p11 0 0 145 0 3800 47
p12 0 0 95 0 3800 48
p13 0 0 103 0 3800 52
p14 0 0 111 0 3804 56
p15 0 0 201 0 4068 63
p16 0 0 213 0 4068 67
p17 0 0 227 0 4068 71
p18 0 0 243 0 4068 75
p19 0 0 255 0 4068 79
p20 0 0 269 0 4068 83
p21 0 0 285 0 4068 87
p22 0 0 175 0 4072 88
p23 0 0 313 0 4336 95
p24 0 0 325 0 4340 99
p25 0 0 199 0 4336 100
p26 0 0 353 0 4336 107
p27 0 0 215 0 4336 108
p28 0 0 383 0 4336 115
p29 0 0 397 0 4340 119
