# $problem $search_time $total_time $eval_node $gen_node $memory $plan_length
p10 0 0 806 0 24400 41
p11 10 10 827 0 24664 45
p12 10 10 691 0 24664 48
p13 0 0 1204 0 26972 52
p14 10 10 1243 0 27236 56
p15 20 20 1847 0 29808 61
p16 20 20 1727 0 29808 65
p17 30 30 1796 0 30072 69
p18 30 30 2395 0 34688 73
p19 40 40 2456 0 34692 77
p20 40 40 3125 0 37524 81
p21 50 50 3259 0 35744 85
p22 50 50 3295 0 38052 88
p23 70 70 3962 0 40888 93
p24 60 60 3977 0 41416 97
p25 90 90 5150 0 44516 100
p26 90 90 5356 0 43724 105
p27 100 100 5186 0 46296 108
p28 130 130 6253 0 47880 113
p29 120 120 6228 0 47088 117
