# $problem $search_time $total_time $eval_node $gen_node $memory $plan_length
p10 84 84 62 108 2021664 41 
p11 92 92 68 124 2285624 45 
p12 110 110 72 138 2298088 48 
p13 109 109 78 156 2624672 52 
p14 114 114 84 175 2922416 56 
p15 127 127 92 198 3311248 61 
p16 151 151 98 219 3618960 65 
p17 165 165 104 241 3931384 69 
p18 165 165 110 264 4272328 73 
p19 181 181 116 288 4289080 77 
p20 189 189 122 313 4660360 81 
p21 213 213 128 339 5031208 85 
p22 228 228 132 363 5293304 88 
p23 241 241 140 394 5783624 93 
p24 258 258 146 423 6166880 97 
p25 277 277 150 450 6445424 100 
p26 308 308 158 484 6961960 105 
p27 318 318 162 513 7519120 108 
p28 346 346 170 549 7335288 113 
p29 371 371 176 583 7820424 117 
